image_width: 640
image_height: 480
camera_name: narrow_stereo
camera_matrix:
  rows: 3
  cols: 3
  data: [963.23519,   0.     , 380.06762,
           0.     , 963.76291, 277.39557,
           0.     ,   0.     ,   1.     ]
distortion_model: plumb_bob
distortion_coefficients:
  rows: 1
  cols: 5
  data: [0.119060, -0.442568, 0.012033, -0.010606, 0.000000]
rectification_matrix:
  rows: 3
  cols: 3
  data: [1., 0., 0.,
         0., 1., 0.,
         0., 0., 1.]
projection_matrix:
  rows: 3
  cols: 4
  data: [976.87628,   0.     , 376.06458,   0.     ,
           0.     , 974.24756, 280.33573,   0.     ,
           0.     ,   0.     ,   1.     ,   0.     ]
